				35.93420231 139.54775839
				35.93424259 139.54770117
				35.93428314 139.54764339
				35.93436480 139.54750367
				35.93457425 139.54727645
				35.93473147 139.54710756
				35.93485341 139.54701423
				35.93499869 139.54685728
				35.93530731 139.54644367
				35.93561287 139.54612647
				35.93573508 139.54597508
				35.93585147 139.54580008
				35.93601175 139.54562842
				35.93601453 139.54562536
				35.93616592 139.54543898
				35.93631120 139.54529925
				35.93646841 139.54509536
				35.93655564 139.54494981
				35.93660120 139.54489175
				35.93675592 139.54469674
				35.93693369 139.54447202
				35.93696980 139.54443953
				35.93715480 139.54427397
				35.93758759 139.54375898
				35.93776925 139.54354314
				35.93726259 139.54302034
				35.93697759 139.54280645
				35.93677175 139.54260061
				35.93648036 139.54219895
				35.93640120 139.54209589
				35.93621120 139.54191367
				35.93605287 139.54173949
				35.93599764 139.54167117
				35.93599400 139.54166667
				35.93591841 139.54157311
				35.93589592 139.54153005
				35.93583564 139.54141533
				35.93583120 139.54140672
				35.93571259 139.54128783
				35.93551453 139.54106616
				35.93521397 139.54080450
				35.93507147 139.54067783
				35.93493675 139.54059061
				35.93481814 139.54061450
				35.93474703 139.54067783
				35.93466787 139.54078090
				35.93464480 139.54081367
				35.93447341 139.54105922
				35.93439092 139.54117700
				35.93428008 139.54136700
				35.93419314 139.54160477
				35.93418503 139.54166667
				35.93418444 139.54167117
				35.93416925 139.54178700
				35.93417731 139.54210394
				35.93419314 139.54255533
				35.93416925 139.54278506
				35.93410592 139.54289589
				35.93404897 139.54294922
				35.93398731 139.54300672
				35.93387647 139.54306228
				35.93355980 139.54310978
				35.93333333 139.54315365
				35.93333287 139.54315372
				35.93331453 139.54315728
				35.93314841 139.54319672
				35.93304536 139.54324450
				35.93293453 139.54332367
				35.93282397 139.54343450
				35.93274175 139.54357283
				35.93270480 139.54363533
				35.93253480 139.54392200
				35.93245564 139.54412005
				35.93239231 139.54428645
				35.93242397 139.54441339
				35.93255064 139.54456367
				35.93266925 139.54467477
				35.93281980 139.54480922
				35.93289897 139.54489645
				35.93301731 139.54510256
				35.93333287 139.54569355
				35.93333333 139.54569445
				35.93338231 139.54578616
				35.93358036 139.54611895
				35.93369897 139.54637256
				35.93392869 139.54676061
				35.93409480 139.54696672
				35.93414231 139.54719616
				35.93420231 139.54775839
