				35.58821072 140.08317907
				35.58823964 140.08253615
				35.58824910 140.08253750
				35.58828783 140.08159082
				35.58821785 140.08160760
				35.58809773 140.08163338
				35.58775612 140.08171476
				35.58730800 140.08182228
				35.58683183 140.08193745
				35.58638074 140.08204585
				35.58593190 140.08214962
				35.58555196 140.08224169
				35.58510168 140.08234777
				35.58468150 140.08245296
				35.58433232 140.08253497
				35.58392424 140.08263157
				35.58346395 140.08274424
				35.58333333 140.08277568
				35.58333305 140.08277576
				35.58300104 140.08285568
				35.58255481 140.08296122
				35.58216704 140.08305093
				35.58138523 140.08324083
				35.58100154 140.08333333
				35.58061028 140.08342765
				35.57999424 140.08357536
				35.57941652 140.08371392
				35.57874204 140.08387677
				35.57798839 140.08405503
				35.57729181 140.08422135
				35.57661877 140.08438464
				35.57617569 140.08449227
				35.57558923 140.08463276
				35.57500000 140.08477222
				35.57498509 140.08477575
				35.57448006 140.08489729
				35.57405944 140.08499925
				35.57390505 140.08503550
				35.57352430 140.08512643
				35.57270281 140.08532245
				35.57196042 140.08550018
				35.57125185 140.08566930
				35.57056942 140.08583551
				35.56991876 140.08598793
				35.56944574 140.08610174
				35.56947735 140.08701752
				35.56948581 140.08702272
				35.56953569 140.08816319
				35.56956940 140.08909973
				35.56959741 140.08974235
				35.56961272 140.09030184
				35.56961726 140.09041472
				35.56964598 140.09118674
				35.56966492 140.09166667
				35.56966497 140.09166808
				35.56969360 140.09239572
				35.56971206 140.09298767
				35.56974703 140.09382812
				35.56977312 140.09455953
				35.56977441 140.09458459
				35.56979923 140.09523910
				35.56982521 140.09585027
				35.56984925 140.09648428
				35.56986959 140.09703563
				35.56989521 140.09764339
				35.56991419 140.09811200
				35.56991735 140.09818978
				35.56995346 140.09919241
				35.56997820 140.10000000
				35.56998347 140.10017219
				35.57002788 140.10116130
				35.57005510 140.10180931
				35.57008878 140.10275634
				35.57012369 140.10355003
				35.57015867 140.10446926
				35.57016607 140.10458324
				35.57020214 140.10565638
				35.57022484 140.10630075
				35.57024064 140.10667036
				35.57026115 140.10714254
				35.57028523 140.10776850
				35.57030756 140.10833333
				35.57031422 140.10850160
				35.57033232 140.10905671
				35.57034387 140.10937095
				35.57033431 140.10937103
				35.57035739 140.10992064
				35.57036605 140.10991978
				35.57039180 140.11063455
				35.57041555 140.11124329
				35.57043326 140.11173077
				35.57044472 140.11172794
				35.57045365 140.11172588
				35.57099504 140.11159547
				35.57100397 140.11159340
				35.57139477 140.11149999
				35.57140486 140.11149759
				35.57143201 140.11149118
				35.57143209 140.11149383
				35.57161761 140.11144978
				35.57161752 140.11144769
				35.57165964 140.11143790
				35.57169427 140.11142975
				35.57170771 140.11142660
				35.57173910 140.11141931
				35.57190125 140.11138138
				35.57195717 140.11136833
				35.57199234 140.11136007
				35.57207487 140.11134082
				35.57214187 140.11132516
				35.57222638 140.11130549
				35.57220586 140.11090327
				35.57243070 140.11049153
				35.57259854 140.11045062
				35.57260166 140.11046929
				35.57267732 140.11045013
				35.57267572 140.11044140
				35.57268547 140.11043835
				35.57268461 140.11041650
				35.57281105 140.11038659
				35.57281436 140.11040084
				35.57282500 140.11039812
				35.57282776 140.11041556
				35.57290199 140.11039431
				35.57290048 140.11038492
				35.57331607 140.11028419
				35.57372841 140.11018400
				35.57424556 140.11005569
				35.57489679 140.10990733
				35.57499781 140.10988501
				35.57500000 140.10988453
				35.57508022 140.10986681
				35.57562938 140.10973739
				35.57614866 140.10962157
				35.57614404 140.10958812
				35.57661340 140.10947123
				35.57675315 140.10886035
				35.57687565 140.10833333
				35.57688360 140.10829909
				35.57698389 140.10788017
				35.57713907 140.10722442
				35.57731423 140.10645831
				35.57746915 140.10579374
				35.57762359 140.10510621
				35.57823046 140.10495623
				35.57879648 140.10481922
				35.57919501 140.10472534
				35.57974931 140.10459139
				35.57975152 140.10460651
				35.57984956 140.10457982
				35.57986301 140.10465291
				35.57988603 140.10479697
				35.57987241 140.10480023
				35.57988290 140.10486591
				35.58056426 140.10470271
				35.58299327 140.10412091
				35.58298224 140.10405191
				35.58296529 140.10405593
				35.58293107 140.10384197
				35.58302685 140.10381912
				35.58302489 140.10380720
				35.58333297 140.10373376
				35.58333333 140.10373368
				35.58396887 140.10358218
				35.58404400 140.10356434
				35.58494315 140.10334999
				35.58497276 140.10353580
				35.58564155 140.10337637
				35.58737983 140.10296201
				35.58735654 140.10281550
				35.58737828 140.10281039
				35.58739062 140.10253014
				35.58737611 140.10252922
				35.58748721 140.10000001
				35.58756758 140.09817010
				35.58763921 140.09653983
				35.58765230 140.09607641
				35.58801342 140.09609933
				35.58804843 140.09534134
				35.58808413 140.09450623
				35.58813698 140.09328428
				35.58815687 140.09279616
				35.58780214 140.09277074
				35.58783576 140.09193451
				35.58784779 140.09166667
				35.58787636 140.09103088
				35.58791063 140.09009601
				35.58793903 140.08941746
				35.58797427 140.08861026
				35.58801775 140.08761284
				35.58805658 140.08672388
				35.58809135 140.08591534
				35.58813715 140.08496550
				35.58816705 140.08420053
				35.58820413 140.08333337
				35.58820413 140.08333333
				35.58821072 140.08317907
